-2.672217304042017,-4.101281486217399
-8.039282818227496,2.8319065022588026
3.3645318481024713,0.31055081545006236
0.5534653004366121,1.8002979493400275
-5.740691049309148,3.9577428483393575
2.821585712049796,1.0052926462993608
-6.239604058661737,-3.5985009449097127
5.594058272811516,1.7243685048699646
-3.81607450565969,-4.3854897603756084
6.67057045031091,0.2924943024894231
-4.056133020448757,-4.001385042735095
-7.079141176219181,4.318727652943021
-5.83676405071931,5.336527949436392
-4.023423105021452,-2.920805271887511
2.2804417053162958,0.00687638907041932
1.8640502993216792,2.1368913626026957
-8.098452524425433,3.3365217136378926
6.448195284423313,2.6961815728281606
4.357034706469391,0.5939282037401681
-7.603993287338355,2.906938491269494
-7.845052574303084,4.378162519602173
-8.803409664173842,3.3104502222497993
7.370989006291121,0.4901567578615209
6.364481249240505,2.4713219561423383
2.691538751070186,1.6947491436560056
-3.7130955119966536,-6.320594275790741
-7.2136720378910235,3.533580903264057
-5.5023965693817125,-5.777666954733706
-8.26800337095138,4.802456395796395
5.942530481534606,0.6087829478259837
-9.000215347389565,2.4552289032223884
2.2863436888922797,1.6088438344754508
-7.791725021923139,4.976639036483713
5.801601103179954,1.0941923003101466
0.23146154932296925,1.355481792743769
1.0912367540409469,0.5756823790220985
-7.843493462034624,4.232181036200275
-8.387326817407953,3.6976972494246643
5.944647451977611,0.7360626514073121
5.634944783453743,-0.7913275480411837
-7.327705242987564,4.407461836241111
5.941413448866139,0.6824569060698007
-3.5475109073603535,-3.9021038545873727
-8.103218851793558,4.410598501938372
-4.34624944764731,-4.794636321071499
6.296733172494113,1.8299861590811033
-7.143169388097309,3.348974406699853
0.06372019415349306,1.1887785967938285
3.3191368763015756,0.11758118145008145
5.062119768848548,1.4331079531513438
4.367576697932017,0.9328658453854782
-9.491257592705605,4.439391701264537
-9.61389784755795,3.7872597197860314
-0.0164066277997601,0.4605453666254986
-7.833326504627471,4.635031436892106
6.468385234277052,2.735878997685713
1.869893045806296,1.0939532293855687
1.7322664631060336,-0.12801133147000687
2.3389041252159446,3.0210435614847975
-4.591402667808111,-2.8755808154896316
5.7586622085468955,0.12180965718992687
0.30189418056774553,1.3872804753950634
-8.509652181751653,3.5619256983888135
-8.413618980759747,3.2525451885592425
5.10259907309817,2.312470367140996
2.463130329318607,1.2790957643924534
-4.660056320134083,-3.824181046703972
-5.601836048972537,-4.88718094184504
5.147414152829353,1.0229597556079515
5.464729835467155,1.025405208385016
-4.788669254509366,-2.9053616252879086
2.038630551840188,-0.6567151023219537
5.052511405093121,1.2444434559616326
0.8111407422159711,0.49318364570131246
-8.813364259204203,2.533575672197486
2.6898181645347883,2.3018462295649984
-5.444940199073372,-5.210542994123352
5.162321958092055,0.40881689623557027
0.4170616026649183,1.6103793791072052
0.8731741912432565,0.26932224713517516
-9.070752621510543,5.054451726931137
-8.542861476016718,4.416050046261425
-7.228209448786332,4.823504153963731
8.346647030526562,-0.27916110702825825
2.5672902778526696,0.7773248994848455
-2.978209414411327,-4.552540673416729
-4.938981572677785,-2.9829790085867556
2.6937731526901327,0.8404265618537331
2.0977249677148557,1.5829536797532935
6.772694837102382,-0.6615982911145637
-5.82425665593783,-3.6963960955379984
1.2173708441724749,0.8896107009731122
-10.552989815834078,4.653618595440361
6.690429024383049,1.7966721083646715
2.9318483741143035,1.339964983801262
-5.730245376012393,2.5456343254012355
1.8093465064186007,0.6051504859665497
6.4980524046828565,0.9738077626557495
3.519994860765773,2.7195893074161948
-4.131054011541412,-2.866920120440278
6.972535789142537,3.1338682472045374
5.575336697567134,0.17003540246203808
4.696224052563579,0.9260753337195848
5.467510080790932,1.645055273459877
1.8149463289906584,0.19235151238364434
1.2803956114482071,0.1870070114459227
-4.131908639779967,-3.5952381879595023
-4.9327409107943785,-5.263068349102276
-7.686932298349099,3.1459042606982752
-4.104343491494693,-4.988001942493734
6.271170184637311,0.1985031146056252
6.529045238334431,1.4226286217088258
-8.907298364383243,4.051945395796139
5.237885488077502,0.11221986336406464
4.303916697683942,-0.06001582272154726
6.470433144846482,1.3114470715541555
5.77752298975708,0.14108009219232842
-6.077057973519615,5.480514791434425
1.5203441859920521,1.6203582983435127
2.800564803430997,1.0782601751616614
-8.024326124398936,3.2619690907943113
2.943046087322518,-1.7396771671895568
5.688023892083787,0.1597096045206935
2.862596011328451,-1.6556190929749328
0.24410941656228058,1.4509344618059148
7.08137603445819,0.3686240115506112
5.593696869554938,0.13595500889763046
-6.369586905226603,-3.135947699502352
8.014060154918468,0.6932342239729954
1.307950152215609,2.536377054245798
-9.315907410511521,3.5384153951852912
-8.311552532127372,4.056165342229745
2.698457149107336,1.0037708890862693
-4.50535831726441,-4.815791541993971
5.250309655297103,1.0328087476137118
-8.455532503517343,4.017479159025057
6.289120505278812,1.4128708204461746
-7.38592062965392,4.922206671566527
-4.3868708468506465,-4.510292739633629
-3.057531880779606,-4.267594746235348
-3.669423243725626,-3.0507535264417647
1.3414470331949966,0.4857660340600113
-6.116849302943746,2.6522409388575534
-7.359868473902408,2.383043955689166
1.9843178883974453,1.160928168298223
1.34759141761298,0.6090466248123989
-3.435991464926191,-5.284552297992527
2.929505111479528,1.5822245913979243
-9.10438333942845,4.052165079260974
-3.3948799159178336,-3.104444014448676
-3.8020327100550326,-2.9180647815227347
5.141027611555658,0.10105784353446401
7.38526154672223,0.6969017465759273
0.8426447408091464,0.6877077488743066
1.646568251242801,-0.6164741886510325
-8.028182228338656,4.4283318705304175
-3.836071427547413,-3.903678644078803
-7.3747685489728125,2.397942344393252
4.773378340603385,1.9674461500502352
6.059894683116276,0.7874769552296907
1.2952997241437663,1.9432607249694946
3.0685093993160093,0.5466141961486124
2.39904634564013,-1.7725927564266502
-9.292856909723449,4.267050869349183
-4.202896840766667,-4.109882779309314
5.332279713640601,1.3269625954044573
1.954296039339765,1.220507655757174
-3.8049303028486188,-5.781562855705591
-4.090382007276947,-2.6324027601932865
6.863519658381315,0.1952462593621307
-2.9036531543342017,-4.234215801344536
-4.545711974017783,-5.884585844979448
-5.4059629162678995,-4.59005764586954
-7.0898210919074085,4.317218215191302
-0.28862004001452846,1.251484415021537
-7.954241482698554,3.812816149974166
4.8523890551568645,0.6418859245201433
-1.5027996084129929,-6.245321648371402
-8.944446255918251,3.5899503067974514
-1.8832089785163246,-5.6108784034499335
-4.347450652498563,-4.581268476860325
-7.021262015894261,6.240893199201458
-4.035768071860221,-1.6192546487802497
-4.696326653861083,-4.290397100803867
-8.74475482204844,3.1735614613409857
-3.9629942780898504,-3.232097592267296
5.242129139574834,0.9499159057151779
1.8423329838361842,3.2567234972982093
1.8894593427675275,2.0201727117157997
6.365848787916859,2.2978252669735855
2.643314465062928,-0.5706234086334525
5.151679477194768,0.6743305311798258
5.898302725445128,1.0192793845130772
-4.507517601657357,-5.051880102551674
-8.769916074445316,4.539249191291817
5.988854388158159,1.0114988998700625
5.548696962897474,1.265687974966236
-5.332211654594502,-5.9686246897860205
5.503897666017438,0.9251950173196589
-4.261645445710901,-4.182244783789943
-9.270484998485733,4.969396708158011
5.500983362005817,1.0213512238435487
2.3708250012811023,1.1420618051872355
7.325014052886815,1.2053325637779597
-3.5013097250901724,-2.952027844031947
5.634448910013963,1.9380925409056458
-9.17312340511416,5.943621185649293
-8.637437025552229,3.6027281856712023
-6.467220785641542,5.4693587699002855
-5.74235619780923,-5.303242754112316
5.143450691765791,-0.5415873996717875
2.4937417773491886,0.8838960609656334
1.9383735979043526,0.8926947237088253
4.629240017456939,1.8656529228158534
-3.179678202738578,-2.6400514583205155
1.7930963238360282,1.8801789120807824
6.352816606494378,0.8472255764545913
6.227392775121128,-0.016738648609768925
-8.674332660657376,4.031830558274351
1.0144892623158492,-0.47183500746358686
6.528943618416582,1.2461477886848442
-6.505920926842394,3.7948417362341993
-7.87308790729638,4.401989363444701
-4.24201982987022,-2.4817388296442946
2.5785214977288784,1.349654456993174
2.7714059486768456,2.0294388287827676
-6.13244103957343,4.906044658275385
5.4784203220066265,-0.184686590411552
5.342073907463205,1.9688826385630507
6.0745864065435535,-0.0770990694039948
-4.375147116661284,-5.2261961917830195
6.051574942769889,1.867276628808428
-5.217938511593151,-4.304963637854421
-3.063257536464743,-2.587672293962557
-3.4566881086124805,-3.5609570423279573
-9.156182431821913,4.781198101709993
0.9700647166910235,0.6500566354108952
6.2255816635688035,2.3891453156779274
-7.98949997927918,5.785870493905835
6.275600673984056,2.4350493867891547
1.6047710173456455,-0.15942051639991317
7.849591246679637,0.7858333437999158
-7.270909437822463,4.1289829107574105
5.200577600456904,1.2407875097419385
-4.392388998149637,-7.046143054799927
3.466578715574178,1.852551939461232
5.207713338193855,0.4683940919885451
4.993168247701016,2.681576716267328
2.457415606220991,0.0353879862662716
5.352818568152239,1.4722471500878487
-8.912822225444158,5.1170162880958525
-8.510805137568873,2.819367815877588
-5.139802455426774,-3.2150424787595
-7.720075400956762,3.901849610357042
-0.09460307120614475,1.1237219142335066
-8.463595974646095,4.481481473773463
6.050954277011289,-0.794229271489721
-0.25556422940218937,-0.022506843635603513
5.856420488283679,0.6179745510496166
1.3477064000649808,0.4788106876988891
-4.687299037156664,-4.117474546418111
-4.448165362680708,-4.649337927730388
-2.818621398711714,-4.631903758005167
-6.84766843521688,5.079618592036821
0.6934731482646834,2.6581306796181883
2.8579239242923364,2.141101866657573
-9.165149840783357,4.9008264869541875
0.15693044984335147,0.5220259959595133
-3.9913721010824235,-3.4729957915453404
3.1002843382203737,2.298021972326221
-4.918004769819046,-3.7475033729231275
7.40134483129196,0.5896182063421294
1.690885555228291,0.7665333384563073
-7.476723339468246,3.828453668777752
-8.068241605324632,5.713342721649367
-5.616855225136058,4.944479486990414
2.1419531633207796,0.6806715828549048
6.030601824338518,0.9303584215530645
1.560810478197852,1.1813384292178213
5.925332021748851,1.2587164402297457
6.039766734586495,-0.5669947108616022
-8.40317694697318,5.2224450703824274
2.5210648764527583,0.4242120301869339
1.3121623889713177,-0.2140774030941206
-7.822573857746248,3.598219063791738
7.154184030494019,1.172504416492866
2.8416312640736363,0.7505414198390512
2.5238910238342056,1.0884220870446615
4.538267311738592,0.3165602332113182
6.4064154936762066,0.8068232984501601
-4.554309626571301,-4.470637658154791
-8.353993911253484,2.625048706581981
-9.147468652411103,3.5621799552555657
2.814519822487866,1.05892558918163
-8.861225685054702,5.910064953099034
6.04513401543201,3.339624806020058
-3.884852126859908,-4.379147562879923
6.940917614575113,1.405204080322888
-3.6828393737073113,-3.4799593854291326
-7.135563801140495,3.257834979593558
-9.540797014444625,4.063261994200332
-7.049911582474411,3.8486427917023023
-4.370704003220453,-4.945615795556291
7.326461642365693,0.03539357579373614
1.6151201908187245,1.094351589317074
-8.369181837942444,3.7606208224240736
5.14827080274641,2.8227236001279596
5.7235671549841625,0.7404230181659606
1.7081626372521372,0.23850778818837692
-6.132442009850033,3.022722120123589
-6.769709319272279,5.202379848784411
2.1993001968964654,0.9493964590383341
1.401346063077014,-0.11589698596039444
1.6891138283015283,1.0974001662687833
7.4111720638896115,1.7858038268311724
-4.222605680948321,-4.913079218041796
-7.643633602825598,4.706573168191948
-4.219541028331213,-5.0840366206719345
6.96069339846066,2.3290628465396823
3.64813493220756,1.164227755487334
1.2358560760935569,-0.43779147380157846
-8.597316068965362,3.762078270263993
-3.2446043043366615,-3.132592588645082
-8.347912149326152,4.15634896910398
6.507238951109615,0.8837702996128509
1.4306879465298148,1.2699043549407614
6.481115126388835,3.759355114021582
3.7327211869191332,1.6845011068591904
-8.870797149181882,3.4211503352355845
1.371912440358421,0.5189728815392123
-6.900340404112887,4.655263730722598
2.875832761587331,0.8848925315127733
-8.435153551721637,5.849263728479341
5.63840071921838,2.0645851361278518
6.9363985435524596,0.47435940689806033
1.5311358120332046,-1.2014412855005574
-8.64361840283289,1.776596847775573
6.611927192731158,-0.34149672558304256
7.592770754417484,0.7414273683232288
6.308331245959345,-0.37808346706407714
-9.424060908982531,3.506680116637806
1.7243294654394432,0.290272034153112
1.5590773677074086,0.7196445048154909
-5.550429345083481,-3.5826811789681647
1.2744026215364157,-0.3833639553950554
-3.715720329192785,-2.257331219344369
-8.67246044777595,3.6404468384594586
-8.01702041386144,4.379151735555082
-8.955945000492777,3.6540182243006134
5.182506902383773,-0.4013472930393105
-7.050579193074239,4.087551241385191
-6.0042157154989155,-3.623123479149107
-6.873364077893493,2.9200684916365764
6.2395827598563915,0.6301988336961968
3.4172033670300554,-0.15395036365200943
-7.855956428839122,5.454273506962975
5.332287279429441,2.681921740073138
6.324869615796186,1.9971179807917596
-5.945703083163959,-4.912783494135292
4.640219274496186,0.9585991884420326
-4.216949569936649,-3.5546067491052025
-2.714015992919707,-5.506998398214272
-3.645242306886782,-3.383113445606721
4.578080128359563,2.997956079750005
6.021062021342064,1.0994544570307117
6.476898368922223,1.1484495813800781
7.0304382674156045,-1.0473236130579617
1.6005509707371248,1.3700558878475189
2.6663830820319143,0.5392802126114465
-7.933482777616832,4.302471897739782
3.1285940645145685,1.4960009463439623
4.70131327783691,2.2760753460061878
-8.132880577586956,3.7022091205982717
2.0494949816500907,1.4938367762809563
-7.701761825793944,5.3263858966870306
2.8689634868967953,1.276871905846128
-7.62357446884437,2.9005992094158053
-3.1047397271100703,-2.62503593360701
-5.177628962482631,-5.140196300934962
5.080886555130056,1.192753849065216
-7.238962274853007,4.121675016492828
4.96735689810787,0.5632516625419925
-4.600657557657788,-2.4477568199514392
-9.034242841784465,4.681594518281627
2.766663181645086,1.3562928174722888
5.8852246752292015,1.3087512418366132
-3.063554274168884,-4.03509517686967
-9.630198346966045,4.462782255525775
-0.6591722379967409,1.6063195243593809
6.6993804835878175,-0.061222287445909185
-4.384645423142518,-4.443836093155198
-2.734922161911234,-3.788502987268122
-6.811970207647699,4.3169426119248495
2.747188334204632,-0.1889449552037361
-7.556136767254574,4.333674327374267
1.0288954295555155,1.3148172045158237
-3.187325957890958,-3.4127406206001742
2.2745163577239396,0.10908491700447187
-7.597658358822451,3.315189909059687
0.9819581247126352,0.9221452440591492
6.441032907273152,1.1787928657331799
-4.765702194478086,-3.444213035917127
1.4036859615494919,0.9474327037304537
5.985142296645297,1.8214059370248115
1.6353064556083146,1.1567038552723639
-8.895466561193675,4.386902497859262
-2.577016503483894,-3.60391341504344
-6.505515455508631,1.9300149749864675
-3.3235392676383766,-4.38200895557782
0.6657415285972466,-0.34671750579755534
6.330035114510312,3.225944331738259
-6.511747806204401,5.895889176030583
-7.052748032226252,3.844989906909166
-3.774391345528896,-3.5502878997680076
1.9578285487094211,0.7131128076100928
-0.030684467781494362,3.0644928613593194
-8.634322093680964,3.637258834012862
-8.694567859731366,3.850365459672329
-2.77512943580634,-3.935143893656424
-9.225435518830167,4.8443629764015474
6.012231983638817,2.5692596145359037
5.652038144079154,-0.35338885814771337
6.35950439957101,0.855433183066264
-5.681218215494433,-4.88897135809545
3.955912308250694,1.3900933226879264
-2.921802696285762,-6.5591846663440965
-4.656463674971532,-6.834554505274703
-1.988743318536863,-4.0445954264558575
6.755740288894542,0.46086736324701005
-4.944368490824294,-3.7618968521676877
-7.4234091833850595,3.791701244422005
-4.67802578156445,-2.702154209348901
-6.364173817141181,-3.9796658182947566
-2.965590113518482,-4.996212640371066
-4.805626507539368,-5.118311924321632
-5.951804101481602,-4.659891729729498
-9.252795360049927,4.77749035583191
4.311769972228568,0.8875340174404472
1.5331544539472375,-0.41690611312625947
-4.803141387341628,-4.4643376914354915
1.8662984403315608,2.0777438059762625
-6.821220428840349,3.820075164187649
1.4824809574895967,0.02117014064123013
-3.9896506854337006,-3.2799662406583474
-8.498032450692305,5.929532053816986
6.9304084961111165,0.82468359767298
-3.786519951089831,-5.208573653733222
-7.573741269221899,4.676908035030245
-9.048552965067092,2.579982062821025
-2.9710645074051456,-4.072287007560005
-4.930156502524321,-4.178589092087329
6.723100493737798,1.0246121252479117
-4.22425893425164,-4.30224973045507
-3.780490444206955,-3.6069370660199085
-5.27968917320424,-4.585431204277772
1.039495618366852,0.20688263729232836
-3.757882039014877,-4.888720257353631
-4.729044658794695,-3.8034425992712153
6.367544896022269,1.1903115575939398
-8.887785747630113,2.019203531776073
-3.546218087364316,-5.829740411004531
-3.4101201792654807,-4.36385880997079
-8.635846078378881,4.6764332949464995
1.9140692330283873,1.1942929380457716
7.48935596207448,1.5213037482757137
-6.235947654032336,4.400157208367223
-5.179157930637688,-2.698571928335239
-4.470032882700875,-4.216731470575539
-8.739562996391314,5.543014595406736
8.594424587768152,0.5959677061490629
-6.8605993154566995,2.7651741796463476
0.9547466338530453,2.211145289682701
-4.110489405065928,-5.6606998118692635
-3.5338335739659694,-4.3702424407043425
3.738872677454511,1.994394391315499
-7.53433756026954,2.4637563137227763
-4.067275608922982,-5.318395869644734
-8.309012969047123,2.3239961936700233
-5.34792542262912,-4.761573388256559
-3.7761564366870894,-3.670377017872262
1.4971832993574619,3.412453679543748
-5.6326345262344955,-5.567767724308454
1.8818359548714303,0.31982179600314964
-3.6172675699877317,-4.034242280531954
1.3159891022627834,2.659550796189872
-4.704921352507445,-3.320025155754897
-4.932789041506438,-2.7566806155448456
-2.245013846257941,-4.132988422309592
-3.648219889318642,-3.620764466464413
-4.453804041052001,-3.5967354598367534
0.9453715360149861,1.8202478373246813
-9.706270190625013,5.95077539523179
-3.8166608007423988,-2.3290569672111427
-4.532702791979554,-2.9092502655655
6.7199837301431655,-0.10290621295536972
7.0118424329941895,0.3420489552388314
3.513328082573205,1.5531320642075839
-8.813146282044453,2.273717397668323
2.7732529774025996,-0.18388064019331773
-3.765178474051268,-1.8678465894295564
